width
1920

height
1080

background
0.0 0.0 1.0

plane
0.0 -1.0 1.0
-16.0
0.92 1.0 0.71
0.0 0.0 0.0
0.9

plane
0.0 1.0 0.0
0.9
0.0 0.0 0.0
0.1

plane
-1.0 -1.0 -1.0
25.0
0.0 0.0 0.0
0.0 0.0 0.8
0.5

plane
1.0 -1.0 -1.0
25.0
0.0 0.0 0.8
0.0 0.0 0.0
0.5

sphere
-3.3 0.1 5.0
1.0
1.0 0.87 0.0
0.0

sphere
-2.75 -0.2 4.95
0.55
0.0 0.0 0.0
0.0

sphere
-2.7 0.35 4.7
0.3
0.0 0.0 0.0
0.5

sphere
-2.0 -0.5 5.0
0.2
1.0 1.0 1.0
0.0

sphere
-1.0 -0.5 5.0
0.2
1.0 1.0 1.0
0.0

sphere
0.0 -0.5 5.0
0.2
1.0 1.0 1.0
0.0

sphere
1.0 -0.5 5.0
0.2
1.0 1.0 1.0
0.0

sphere
2.5 -0.5 5.0
0.4
1.0 1.0 1.0
0.0

box
-0.5 -0.5 7.0
0.5 0.5 10.0
0.82 1.0 0.6
0.33 1.0 0.6
0.4

box
-2.0 1.0 8.0
0.0 3.0 7.0
1.0 1.0 1.0
1.0

box
0.0 -1.0 7.0
2.0 3.0 9.0
1.0 1.0 1.0
1.0

light
5.0 10.0 -2.0
1.0 1.0 1.0

light
0.0 15.0 15.0
0.0 1.0 0.5

light
-2.0 10.0 -15.0
1.0 0.45 0.2